1 1.1008677 0.3333333333333333 
2 1.0994315 0.3333333333333333 
3 1.0991219 0.3333333333333333 
4 1.0986339 0.3333333333333333 
5 1.0986199 0.3333333333333333 
6 1.0984716 0.36333333333333334 
19 1.0983391 0.3333333333333333 
28 1.0982698 0.3333333333333333 
32 1.0982264 0.37333333333333335 
36 1.0979562 0.3333333333333333 
37 1.0977433 0.3433333333333333 
38 1.0976934 0.3333333333333333 
45 1.0975959 0.3466666666666667 
51 1.0973785 0.36333333333333334 
52 1.0959908 0.3566666666666667 
61 1.0959282 0.35333333333333333 
66 1.0954362 0.38333333333333336 
68 1.093989 0.4166666666666667 
72 1.0926254 0.37666666666666665 
80 1.0921575 0.35333333333333333 
95 1.0918257 0.4166666666666667 
102 1.0914664 0.38666666666666666 
103 1.0909607 0.38333333333333336 
104 1.0906307 0.35333333333333333 
107 1.089146 0.4166666666666667 
114 1.0891142 0.37666666666666665 
116 1.088237 0.36333333333333334 
121 1.0880404 0.39 
130 1.0874122 0.42333333333333334 
141 1.087239 0.4266666666666667 
158 1.0870038 0.42 
164 1.0870034 0.38666666666666666 
173 1.0862479 0.4266666666666667 
176 1.0861241 0.41 
180 1.0860893 0.3466666666666667 
187 1.0853186 0.37666666666666665 
191 1.0852811 0.42 
192 1.0846506 0.42 
204 1.0842136 0.42333333333333334 
205 1.084184 0.3566666666666667 
215 1.0837997 0.37666666666666665 
219 1.0836842 0.4166666666666667 
236 1.0836092 0.43333333333333335 
239 1.0832268 0.38666666666666666 
242 1.0831857 0.4033333333333333 
247 1.0826017 0.38333333333333336 
251 1.082576 0.4033333333333333 
255 1.0817988 0.38 
283 1.0817244 0.38 
287 1.0810702 0.41 
289 1.0806731 0.37333333333333335 
315 1.0806231 0.4066666666666667 
341 1.0803562 0.4 
579 1.0802591 0.4033333333333333 
631 1.0802449 0.4166666666666667 
878 1.0801865 0.4166666666666667 
902 1.0801494 0.43 
936 1.0800657 0.41333333333333333 
979 1.0799247 0.42 
1050 1.0798801 0.3933333333333333 
1093 1.0797858 0.38666666666666666 
1104 1.0795524 0.4033333333333333 
1160 1.0795078 0.39666666666666667 
1435 1.079379 0.41 
1945 1.0793691 0.42 
1968 1.0792985 0.4066666666666667 
3282 1.0792688 0.42 
4017 1.0792656 0.39666666666666667 
4310 1.0792212 0.4033333333333333 
5158 1.0791876 0.3933333333333333 
5416 1.0790575 0.39 
18573 1.079012 0.39666666666666667 
189752 1.0790061 0.38666666666666666 
348632 1.0790039 0.4 
508288 1.0790035 0.38666666666666666 
694078 1.0789902 0.39666666666666667 
904490 1.0789833 0.3933333333333333 
1 1.0987684 0.3333333333333333 
2 1.0987465 0.3333333333333333 
6 1.0976487 0.3333333333333333 
7 1.0972018 0.3333333333333333 
11 1.0938749 0.3333333333333333 
20 1.0935849 0.6666666666666666 
21 1.0908297 0.3333333333333333 
22 1.0905013 0.3333333333333333 
23 1.0879314 0.3333333333333333 
25 1.0856307 0.3333333333333333 
26 1.0801181 0.35 
30 1.0725244 0.5266666666666666 
31 1.0724432 0.3466666666666667 
32 1.0636086 0.5333333333333333 
33 1.0599552 0.6366666666666667 
36 1.0583049 0.4533333333333333 
37 1.0570958 0.3466666666666667 
40 1.0469419 0.48333333333333334 
43 1.0451386 0.6333333333333333 
44 1.0374923 0.6033333333333334 
49 1.0303522 0.6666666666666666 
50 1.0292586 0.6666666666666666 
61 1.021054 0.6666666666666666 
63 1.0210088 0.6666666666666666 
64 1.0170832 0.6633333333333333 
65 1.0135772 0.6666666666666666 
66 1.0120343 0.66 
69 1.0069221 0.6433333333333333 
71 0.99110943 0.6666666666666666 
75 0.97599334 0.6666666666666666 
76 0.9725516 0.67 
78 0.9714911 0.7133333333333334 
88 0.95410764 0.7966666666666666 
90 0.9436863 0.6666666666666666 
94 0.9362148 0.65 
96 0.92910564 0.6666666666666666 
98 0.9277446 0.7333333333333333 
103 0.91819257 0.6666666666666666 
106 0.9153189 0.6466666666666666 
108 0.9071464 0.6466666666666666 
115 0.8988214 0.6666666666666666 
117 0.89690137 0.6666666666666666 
118 0.89097536 0.6666666666666666 
122 0.87916565 0.6633333333333333 
126 0.8771758 0.6666666666666666 
131 0.86686075 0.6666666666666666 
136 0.8438273 0.79 
138 0.83247876 0.6733333333333333 
139 0.82467103 0.6666666666666666 
141 0.8202214 0.6866666666666666 
142 0.806276 0.6666666666666666 
143 0.7867625 0.6666666666666666 
144 0.7699835 0.6666666666666666 
149 0.75951034 0.6966666666666667 
150 0.745888 0.6666666666666666 
152 0.74426425 0.6666666666666666 
153 0.73390484 0.8433333333333334 
157 0.7235515 0.87 
161 0.7049076 0.9066666666666666 
163 0.70258695 0.8666666666666667 
165 0.6955316 0.9066666666666666 
173 0.68481696 0.8466666666666667 
174 0.6784652 0.8366666666666667 
175 0.6691458 0.8166666666666667 
176 0.6636736 0.8166666666666667 
177 0.6603196 0.8366666666666667 
179 0.6574357 0.8533333333333334 
180 0.64556926 0.79 
184 0.63866717 0.7633333333333333 
187 0.62016314 0.7866666666666666 
191 0.60920006 0.6966666666666667 
192 0.6007828 0.7466666666666667 
193 0.5926363 0.8233333333333334 
195 0.5758982 0.8766666666666667 
196 0.5737089 0.86 
198 0.5632779 0.8566666666666667 
199 0.54802585 0.87 
201 0.54466957 0.8933333333333333 
203 0.5346576 0.8833333333333333 
205 0.5341147 0.9166666666666666 
207 0.53295857 0.9133333333333333 
210 0.5242141 0.9166666666666666 
212 0.5214254 0.9133333333333333 
213 0.52116674 0.9133333333333333 
214 0.5104606 0.9133333333333333 
216 0.50765043 0.91 
218 0.50628793 0.89 
226 0.49712422 0.9066666666666666 
227 0.49229544 0.8933333333333333 
229 0.49038848 0.9133333333333333 
230 0.48964763 0.91 
232 0.47616988 0.8966666666666666 
233 0.4750356 0.9066666666666666 
236 0.47463572 0.9 
240 0.47196954 0.9066666666666666 
244 0.46522033 0.9 
251 0.4561661 0.9066666666666666 
257 0.45460042 0.8833333333333333 
263 0.4544474 0.8866666666666667 
266 0.44849455 0.9033333333333333 
267 0.44609842 0.91 
270 0.44239476 0.91 
273 0.4422342 0.9066666666666666 
274 0.43862367 0.9266666666666666 
275 0.4360377 0.9266666666666666 
278 0.41320065 0.9266666666666666 
281 0.40165314 0.9133333333333333 
287 0.40059513 0.9266666666666666 
288 0.39764303 0.93 
289 0.3949824 0.93 
295 0.39064783 0.92 
297 0.38514143 0.92 
298 0.381598 0.9233333333333333 
303 0.38139647 0.9266666666666666 
304 0.37614173 0.92 
310 0.36768183 0.91 
314 0.3609076 0.9166666666666666 
317 0.36045584 0.9166666666666666 
322 0.35834777 0.9133333333333333 
323 0.3547752 0.9233333333333333 
328 0.35104883 0.9266666666666666 
331 0.34650895 0.9233333333333333 
333 0.3382834 0.9266666666666666 
335 0.33724326 0.9266666666666666 
339 0.32472056 0.93 
344 0.32345867 0.9266666666666666 
346 0.3217446 0.93 
348 0.32061502 0.92 
349 0.31615657 0.93 
352 0.3084577 0.9266666666666666 
355 0.30489174 0.92 
356 0.29995218 0.9233333333333333 
364 0.29957393 0.9266666666666666 
367 0.29841217 0.9266666666666666 
373 0.28985375 0.9266666666666666 
379 0.28417572 0.93 
383 0.28351793 0.93 
390 0.27943885 0.9233333333333333 
393 0.27722925 0.9266666666666666 
406 0.27528533 0.9133333333333333 
407 0.27460143 0.9266666666666666 
409 0.2710612 0.9133333333333333 
412 0.2694756 0.9233333333333333 
413 0.2649215 0.9233333333333333 
414 0.26160672 0.92 
415 0.26027718 0.9266666666666666 
419 0.25994137 0.9233333333333333 
423 0.25397167 0.92 
424 0.2534732 0.9133333333333333 
425 0.24422452 0.9166666666666666 
426 0.24326663 0.9133333333333333 
440 0.24125023 0.9266666666666666 
446 0.23965162 0.9266666666666666 
450 0.234785 0.9266666666666666 
457 0.23242655 0.9266666666666666 
458 0.23226367 0.9266666666666666 
475 0.23186895 0.9266666666666666 
476 0.23104395 0.9266666666666666 
478 0.22904079 0.9233333333333333 
479 0.2289004 0.9266666666666666 
490 0.22750992 0.9266666666666666 
503 0.22545515 0.9266666666666666 
508 0.22383133 0.9233333333333333 
515 0.2208256 0.9266666666666666 
521 0.22062747 0.9166666666666666 
522 0.2165533 0.9266666666666666 
525 0.21591477 0.9166666666666666 
526 0.21488297 0.9233333333333333 
539 0.21203747 0.9266666666666666 
545 0.20863405 0.9133333333333333 
553 0.20513496 0.91 
556 0.2047587 0.9133333333333333 
559 0.20348953 0.9266666666666666 
564 0.20212303 0.9266666666666666 
571 0.2020175 0.9266666666666666 
576 0.20133626 0.9166666666666666 
577 0.19818096 0.9233333333333333 
578 0.1979749 0.9266666666666666 
611 0.19575574 0.9233333333333333 
627 0.19487213 0.9233333333333333 
629 0.19254842 0.9266666666666666 
632 0.19105764 0.9266666666666666 
645 0.19082291 0.9266666666666666 
648 0.19066371 0.9133333333333333 
650 0.19047658 0.9266666666666666 
654 0.18974443 0.9266666666666666 
691 0.18965825 0.9266666666666666 
692 0.18952243 0.93 
697 0.18931495 0.9266666666666666 
717 0.18833008 0.9266666666666666 
720 0.18805136 0.93 
723 0.18729888 0.9266666666666666 
749 0.18719813 0.9233333333333333 
754 0.18649133 0.9266666666666666 
780 0.18517219 0.9266666666666666 
813 0.1845271 0.9266666666666666 
818 0.18398914 0.9233333333333333 
820 0.18363124 0.9266666666666666 
831 0.18298864 0.9166666666666666 
842 0.18236092 0.9233333333333333 
847 0.18167426 0.9266666666666666 
848 0.1813782 0.9233333333333333 
857 0.18133405 0.9233333333333333 
865 0.18020004 0.9266666666666666 
871 0.1799821 0.9233333333333333 
879 0.17942198 0.9266666666666666 
887 0.17817551 0.9233333333333333 
908 0.17794047 0.9266666666666666 
916 0.17786074 0.9266666666666666 
923 0.17780478 0.9233333333333333 
926 0.17758258 0.9233333333333333 
970 0.17719764 0.9233333333333333 
992 0.17705636 0.9266666666666666 
1003 0.177028 0.9266666666666666 
1006 0.17693754 0.9266666666666666 
1008 0.17624566 0.9233333333333333 
1014 0.17598782 0.9266666666666666 
1021 0.17577194 0.9233333333333333 
1082 0.17557582 0.9233333333333333 
1083 0.17552829 0.9233333333333333 
1089 0.17540139 0.93 
1090 0.17468038 0.9233333333333333 
1158 0.17457508 0.93 
1163 0.17454481 0.93 
1174 0.17433043 0.9266666666666666 
1178 0.17432213 0.9266666666666666 
1280 0.17415431 0.9266666666666666 
1371 0.17404856 0.9233333333333333 
1372 0.17389564 0.9233333333333333 
1407 0.17383522 0.9266666666666666 
1448 0.17379661 0.9266666666666666 
1602 0.17365216 0.9266666666666666 
1654 0.17341845 0.93 
1683 0.1731208 0.9333333333333333 
1820 0.17306708 0.9366666666666666 
1822 0.17294748 0.9333333333333333 
2222 0.17294282 0.93 
2576 0.17288338 0.9333333333333333 
3080 0.17281877 0.9333333333333333 
5384 0.17281146 0.9333333333333333 
5974 0.17280106 0.9333333333333333 
7447 0.17280102 0.9333333333333333 
9398 0.17279711 0.93 
14207 0.1727932 0.9333333333333333 
63705 0.17278232 0.9333333333333333 
156477 0.17278051 0.9333333333333333 
441709 0.17278026 0.9333333333333333 
444409 0.17278013 0.9333333333333333 
447761 0.17277893 0.9333333333333333 
708982 0.17277771 0.9333333333333333 
